o:0.06183368869936034
n:0.06183368869936034
c:0.019189765458422176
e:0.14925373134328357
u:0.010660980810234541
p:0.021321961620469083
a:0.1023454157782516
t:0.08528784648187633
i:0.05543710021321962
m:0.019189765458422176
l:0.05543710021321962
d:0.0511727078891258
f:0.01279317697228145
r:0.07249466950959488
w:0.019189765458422176
y:0.0255863539445629
h:0.046908315565031986
s:0.05543710021321962
v:0.0255863539445629
g:0.023454157782515993
k:0.006396588486140725
b:0.010660980810234541
j:0.0042643923240938165
z:0.0021321961620469083
x:0.0021321961620469083
