X = [1,2,3,4,5,8];
Y = [13,23,46,152,551];

p1 = a3*x^3+a2*x^2+a1*x+a0
p2 = b3*x^3+b2*x^2+b1*x+b0
p3 = c3*x^3+c2*x^2+c1*x+c0
p4 = d3*x^3+d2*x^2+d1*x+d0
